# Blender v2.79 (sub 0) OBJ File: ''
# www.blender.org
mtllib box_city.mtl
o Cube.026_Cube.044
v -50.540291 4.000000 -8.949225
v -50.540291 6.000000 -8.949225
v -51.830830 4.000000 -10.477138
v -51.830830 6.000000 -10.477138
v -49.012379 4.000000 -10.239762
v -49.012379 6.000000 -10.239762
v -50.302917 4.000000 -11.767674
v -50.302917 6.000000 -11.767674
vn -0.7640 0.0000 0.6453
vn -0.6453 0.0000 -0.7640
vn 0.7640 0.0000 -0.6453
vn 0.6453 0.0000 0.7640
vn 0.0000 -1.0000 0.0000
vn 0.0000 1.0000 0.0000
usemtl None
s off
f 2//1 3//1 1//1
f 4//2 7//2 3//2
f 8//3 5//3 7//3
f 6//4 1//4 5//4
f 7//5 1//5 3//5
f 4//6 6//6 8//6
f 2//1 4//1 3//1
f 4//2 8//2 7//2
f 8//3 6//3 5//3
f 6//4 2//4 1//4
f 7//5 5//5 1//5
f 4//6 2//6 6//6
o Cube.025_Cube.043
v -51.088757 2.000000 -10.709975
v -51.088757 4.000000 -10.709975
v -52.746189 2.000000 -11.829311
v -52.746189 4.000000 -11.829311
v -49.969418 2.000000 -12.367409
v -49.969418 4.000000 -12.367409
v -51.626850 2.000000 -13.486745
v -51.626850 4.000000 -13.486745
vn -0.5597 0.0000 0.8287
vn -0.8287 0.0000 -0.5597
vn 0.5597 0.0000 -0.8287
vn 0.8287 0.0000 0.5597
vn 0.0000 -1.0000 0.0000
vn 0.0000 1.0000 0.0000
usemtl None
s off
f 10//7 11//7 9//7
f 12//8 15//8 11//8
f 16//9 13//9 15//9
f 14//10 9//10 13//10
f 15//11 9//11 11//11
f 12//12 14//12 16//12
f 10//7 12//7 11//7
f 12//8 16//8 15//8
f 16//9 14//9 13//9
f 14//10 10//10 9//10
f 15//11 13//11 9//11
f 12//12 10//12 14//12
o Cube.024_Cube.042
v -49.136951 2.000000 -7.163589
v -49.136951 4.000000 -7.163589
v -50.794384 2.000000 -8.282926
v -50.794384 4.000000 -8.282926
v -48.017612 2.000000 -8.821023
v -48.017612 4.000000 -8.821023
v -49.675045 2.000000 -9.940359
v -49.675045 4.000000 -9.940359
vn -0.5597 0.0000 0.8287
vn -0.8287 0.0000 -0.5597
vn 0.5597 0.0000 -0.8287
vn 0.8287 0.0000 0.5597
vn 0.0000 -1.0000 0.0000
vn 0.0000 1.0000 0.0000
usemtl None
s off
f 18//13 19//13 17//13
f 20//14 23//14 19//14
f 24//15 21//15 23//15
f 22//16 17//16 21//16
f 23//17 17//17 19//17
f 20//18 22//18 24//18
f 18//13 20//13 19//13
f 20//14 24//14 23//14
f 24//15 22//15 21//15
f 22//16 18//16 17//16
f 23//17 21//17 17//17
f 20//18 18//18 22//18
o Cube.023_Cube.041
v -52.255161 0.000000 -11.617989
v -52.255161 2.000000 -11.617989
v -52.366680 0.000000 -13.614878
v -52.366680 2.000000 -13.614878
v -50.258274 0.000000 -11.729509
v -50.258274 2.000000 -11.729509
v -50.369793 0.000000 -13.726398
v -50.369793 2.000000 -13.726398
vn -0.9984 0.0000 0.0558
vn -0.0558 0.0000 -0.9984
vn 0.9984 0.0000 -0.0558
vn 0.0558 0.0000 0.9984
vn 0.0000 -1.0000 0.0000
vn 0.0000 1.0000 0.0000
usemtl None
s off
f 26//19 27//19 25//19
f 28//20 31//20 27//20
f 32//21 29//21 31//21
f 30//22 25//22 29//22
f 31//23 25//23 27//23
f 28//24 30//24 32//24
f 26//19 28//19 27//19
f 28//20 32//20 31//20
f 32//21 30//21 29//21
f 30//22 26//22 25//22
f 31//23 29//23 25//23
f 28//24 26//24 30//24
o Cube.022_Cube.040
v -50.199638 0.000000 -13.728766
v -50.199638 2.000000 -13.728766
v -49.389660 0.000000 -15.557409
v -49.389660 2.000000 -15.557409
v -48.370998 0.000000 -12.918787
v -48.370998 2.000000 -12.918787
v -47.561020 0.000000 -14.747430
v -47.561020 2.000000 -14.747430
vn -0.9143 0.0000 -0.4050
vn 0.4050 0.0000 -0.9143
vn 0.9143 0.0000 0.4050
vn -0.4050 0.0000 0.9143
vn 0.0000 -1.0000 0.0000
vn 0.0000 1.0000 0.0000
usemtl None
s off
f 34//25 35//25 33//25
f 36//26 39//26 35//26
f 40//27 37//27 39//27
f 38//28 33//28 37//28
f 39//29 33//29 35//29
f 36//30 38//30 40//30
f 34//25 36//25 35//25
f 36//26 40//26 39//26
f 40//27 38//27 37//27
f 38//28 34//28 33//28
f 39//29 37//29 33//29
f 36//30 34//30 38//30
o Cube.021_Cube.039
v -50.235378 0.000000 -7.406494
v -50.235378 2.000000 -7.406494
v -50.551479 0.000000 -9.381356
v -50.551479 2.000000 -9.381356
v -48.260517 0.000000 -7.722592
v -48.260517 2.000000 -7.722592
v -48.576618 0.000000 -9.697454
v -48.576618 2.000000 -9.697454
vn -0.9874 0.0000 0.1581
vn -0.1580 0.0000 -0.9874
vn 0.9874 0.0000 -0.1581
vn 0.1580 0.0000 0.9874
vn 0.0000 -1.0000 0.0000
vn 0.0000 1.0000 0.0000
usemtl None
s off
f 42//31 43//31 41//31
f 44//32 47//32 43//32
f 48//33 45//33 47//33
f 46//34 41//34 45//34
f 47//35 41//35 43//35
f 44//36 46//36 48//36
f 42//31 44//31 43//31
f 44//32 48//32 47//32
f 48//33 46//33 45//33
f 46//34 42//34 41//34
f 47//35 45//35 41//35
f 44//36 42//36 46//36
o Cube.020_Cube.026
v -51.258759 0.000000 -9.218760
v -51.258759 2.000000 -9.218760
v -51.769218 0.000000 -11.152521
v -51.769218 2.000000 -11.152521
v -49.324997 0.000000 -9.729221
v -49.324997 2.000000 -9.729221
v -49.835457 0.000000 -11.662982
v -49.835457 2.000000 -11.662982
vn -0.9669 0.0000 0.2552
vn -0.2552 0.0000 -0.9669
vn 0.9669 0.0000 -0.2552
vn 0.2552 0.0000 0.9669
vn 0.0000 -1.0000 0.0000
vn 0.0000 1.0000 0.0000
usemtl None
s off
f 50//37 51//37 49//37
f 52//38 55//38 51//38
f 56//39 53//39 55//39
f 54//40 49//40 53//40
f 55//41 49//41 51//41
f 52//42 54//42 56//42
f 50//37 52//37 51//37
f 52//38 56//38 55//38
f 56//39 54//39 53//39
f 54//40 50//40 49//40
f 55//41 53//41 49//41
f 52//42 50//42 54//42
o Cube.019_Cube.025
v -48.117752 0.000000 -5.991072
v -48.117752 2.000000 -5.991072
v -48.131752 0.000000 -7.991023
v -48.131752 2.000000 -7.991023
v -46.117798 0.000000 -6.005071
v -46.117798 2.000000 -6.005071
v -46.131798 0.000000 -8.005022
v -46.131798 2.000000 -8.005022
vn -1.0000 0.0000 0.0070
vn -0.0070 0.0000 -1.0000
vn 1.0000 0.0000 -0.0070
vn 0.0070 0.0000 1.0000
vn 0.0000 -1.0000 0.0000
vn 0.0000 1.0000 0.0000
usemtl None
s off
f 58//43 59//43 57//43
f 60//44 63//44 59//44
f 64//45 61//45 63//45
f 62//46 57//46 61//46
f 63//47 57//47 59//47
f 60//48 62//48 64//48
f 58//43 60//43 59//43
f 60//44 64//44 63//44
f 64//45 62//45 61//45
f 62//46 58//46 57//46
f 63//47 61//47 57//47
f 60//48 58//48 62//48
o Cube.018_Cube.024
v -5.464411 -0.001508 -16.696930
v -5.464411 1.998492 -16.696930
v -4.174098 -0.001508 -18.225031
v -4.174098 1.998492 -18.225031
v -3.936311 -0.001508 -15.406617
v -3.936311 1.998492 -15.406617
v -2.645998 -0.001508 -16.934719
v -2.645998 1.998492 -16.934719
vn -0.7641 0.0000 -0.6452
vn 0.6452 0.0000 -0.7641
vn 0.7641 0.0000 0.6452
vn -0.6452 0.0000 0.7641
vn 0.0000 -1.0000 0.0000
vn 0.0000 1.0000 0.0000
usemtl None
s off
f 66//49 67//49 65//49
f 68//50 71//50 67//50
f 72//51 69//51 71//51
f 70//52 65//52 69//52
f 71//53 65//53 67//53
f 68//54 70//54 72//54
f 66//49 68//49 67//49
f 68//50 72//50 71//50
f 72//51 70//51 69//51
f 70//52 66//52 65//52
f 71//53 69//53 65//53
f 68//54 66//54 70//54
o Cube.017_Cube.023
v -7.918687 7.651662 -18.849628
v -9.812323 8.295200 -18.849628
v -7.801506 7.996473 -20.816193
v -9.695142 8.640011 -20.816193
v -7.285907 9.513641 -18.485451
v -9.179543 10.157179 -18.485451
v -7.168726 9.858452 -20.452015
v -9.062362 10.501989 -20.452015
vn -0.3164 -0.9310 -0.1821
vn 0.0586 0.1724 -0.9833
vn 0.3164 0.9310 0.1821
vn -0.0586 -0.1724 0.9833
vn 0.9468 -0.3218 0.0000
vn -0.9468 0.3218 -0.0000
usemtl None
s off
f 74//55 75//55 73//55
f 76//56 79//56 75//56
f 80//57 77//57 79//57
f 78//58 73//58 77//58
f 79//59 73//59 75//59
f 76//60 78//60 80//60
f 74//55 76//55 75//55
f 76//56 80//56 79//56
f 80//57 78//57 77//57
f 78//58 74//58 73//58
f 79//59 77//59 73//59
f 76//60 74//60 78//60
o Cube.016_Cube.022
v -6.099895 7.479666 -18.849628
v -7.419362 8.982665 -18.849628
v -5.826215 7.719927 -20.816193
v -7.145681 9.222926 -20.816193
v -4.622023 8.777074 -18.485451
v -5.941489 10.280073 -18.485451
v -4.348342 9.017335 -20.452015
v -5.667809 10.520334 -20.452015
vn -0.7389 -0.6487 -0.1821
vn 0.1368 0.1201 -0.9833
vn 0.7389 0.6487 0.1821
vn -0.1368 -0.1201 0.9833
vn 0.6597 -0.7515 -0.0000
vn -0.6597 0.7515 0.0000
usemtl None
s off
f 82//61 83//61 81//61
f 84//62 87//62 83//62
f 88//63 85//63 87//63
f 86//64 81//64 85//64
f 87//65 81//65 83//65
f 84//66 86//66 88//66
f 82//61 84//61 83//61
f 84//62 88//62 87//62
f 88//63 86//63 85//63
f 86//64 82//64 81//64
f 87//65 85//65 81//65
f 84//66 82//66 86//66
o Cube.015_Cube.021
v -5.454370 6.000000 -18.809135
v -5.454370 8.000000 -18.809135
v -5.159587 6.000000 -20.787291
v -5.159587 8.000000 -20.787291
v -3.476214 6.000000 -18.514353
v -3.476214 8.000000 -18.514353
v -3.181431 6.000000 -20.492508
v -3.181431 8.000000 -20.492508
vn -0.9891 0.0000 -0.1474
vn 0.1474 0.0000 -0.9891
vn 0.9891 0.0000 0.1474
vn -0.1474 0.0000 0.9891
vn 0.0000 -1.0000 -0.0000
vn 0.0000 1.0000 0.0000
usemtl None
s off
f 90//67 91//67 89//67
f 92//68 95//68 91//68
f 96//69 93//69 95//69
f 94//70 89//70 93//70
f 95//71 89//71 91//71
f 92//72 94//72 96//72
f 90//67 92//67 91//67
f 92//68 96//68 95//68
f 96//69 94//69 93//69
f 94//70 90//70 89//70
f 95//71 93//71 89//71
f 92//72 90//72 94//72
o Cube.014_Cube.020
v -5.483272 4.000000 -18.849628
v -5.483272 6.000000 -18.849628
v -5.119094 4.000000 -20.816193
v -5.119094 6.000000 -20.816193
v -3.516708 4.000000 -18.485451
v -3.516708 6.000000 -18.485451
v -3.152530 4.000000 -20.452015
v -3.152530 6.000000 -20.452015
vn -0.9833 0.0000 -0.1821
vn 0.1821 0.0000 -0.9833
vn 0.9833 0.0000 0.1821
vn -0.1821 0.0000 0.9833
vn 0.0000 -1.0000 0.0000
vn 0.0000 1.0000 0.0000
usemtl None
s off
f 98//73 99//73 97//73
f 100//74 103//74 99//74
f 104//75 101//75 103//75
f 102//76 97//76 101//76
f 103//77 97//77 99//77
f 100//78 102//78 104//78
f 98//73 100//73 99//73
f 100//74 104//74 103//74
f 104//75 102//75 101//75
f 102//76 98//76 97//76
f 103//77 101//77 97//77
f 100//78 98//78 102//78
o Cube.013_Cube.019
v -5.655954 2.000000 -19.192987
v -5.655954 4.000000 -19.192987
v -4.775736 2.000000 -20.988874
v -4.775736 4.000000 -20.988874
v -3.860066 2.000000 -18.312769
v -3.860066 4.000000 -18.312769
v -2.979847 2.000000 -20.108656
v -2.979847 4.000000 -20.108656
vn -0.8979 0.0000 -0.4401
vn 0.4401 0.0000 -0.8979
vn 0.8979 0.0000 0.4401
vn -0.4401 0.0000 0.8979
vn 0.0000 -1.0000 0.0000
vn 0.0000 1.0000 0.0000
usemtl None
s off
f 106//79 107//79 105//79
f 108//80 111//80 107//80
f 112//81 109//81 111//81
f 110//82 105//82 109//82
f 111//83 105//83 107//83
f 108//84 110//84 112//84
f 106//79 108//79 107//79
f 108//80 112//80 111//80
f 112//81 110//81 109//81
f 110//82 106//82 105//82
f 111//83 109//83 105//83
f 108//84 106//84 110//84
o Cube.012_Cube.018
v -10.376445 6.000000 -18.447483
v -10.376445 8.000000 -18.447483
v -10.836833 6.000000 -20.393772
v -10.836833 8.000000 -20.393772
v -8.430156 6.000000 -18.907871
v -8.430156 8.000000 -18.907871
v -8.890544 6.000000 -20.854160
v -8.890544 8.000000 -20.854160
vn -0.9731 0.0000 0.2302
vn -0.2302 0.0000 -0.9731
vn 0.9731 0.0000 -0.2302
vn 0.2302 0.0000 0.9731
vn 0.0000 -1.0000 0.0000
vn 0.0000 1.0000 0.0000
usemtl None
s off
f 114//85 115//85 113//85
f 116//86 119//86 115//86
f 120//87 117//87 119//87
f 118//88 113//88 117//88
f 119//89 113//89 115//89
f 116//90 118//90 120//90
f 114//85 116//85 115//85
f 116//86 120//86 119//86
f 120//87 118//87 117//87
f 118//88 114//88 113//88
f 119//89 117//89 113//89
f 116//90 114//90 118//90
o Cube.011_Cube.017
v -10.451040 4.000000 -18.496864
v -10.451040 6.000000 -18.496864
v -10.787453 4.000000 -20.468367
v -10.787453 6.000000 -20.468367
v -8.479536 4.000000 -18.833277
v -8.479536 6.000000 -18.833277
v -8.815948 4.000000 -20.804779
v -8.815948 6.000000 -20.804779
vn -0.9858 0.0000 0.1682
vn -0.1682 0.0000 -0.9858
vn 0.9858 0.0000 -0.1682
vn 0.1682 0.0000 0.9858
vn 0.0000 -1.0000 0.0000
vn 0.0000 1.0000 0.0000
usemtl None
s off
f 122//91 123//91 121//91
f 124//92 127//92 123//92
f 128//93 125//93 127//93
f 126//94 121//94 125//94
f 127//95 121//95 123//95
f 124//96 126//96 128//96
f 122//91 124//91 123//91
f 124//92 128//92 127//92
f 128//93 126//93 125//93
f 126//94 122//94 121//94
f 127//95 125//95 121//95
f 124//96 122//96 126//96
o Cube.010_Cube.016
v -10.376445 2.000000 -18.447483
v -10.376445 4.000000 -18.447483
v -10.836833 2.000000 -20.393772
v -10.836833 4.000000 -20.393772
v -8.430156 2.000000 -18.907871
v -8.430156 4.000000 -18.907871
v -8.890544 2.000000 -20.854160
v -8.890544 4.000000 -20.854160
vn -0.9731 0.0000 0.2302
vn -0.2302 0.0000 -0.9731
vn 0.9731 0.0000 -0.2302
vn 0.2302 0.0000 0.9731
vn 0.0000 -1.0000 0.0000
vn 0.0000 1.0000 0.0000
usemtl None
s off
f 130//97 131//97 129//97
f 132//98 135//98 131//98
f 136//99 133//99 135//99
f 134//100 129//100 133//100
f 135//101 129//101 131//101
f 132//102 134//102 136//102
f 130//97 132//97 131//97
f 132//98 136//98 135//98
f 136//99 134//99 133//99
f 134//100 130//100 129//100
f 135//101 133//101 129//101
f 132//102 130//102 134//102
o Cube.009_Cube.015
v -10.674706 0.000000 -18.693806
v -10.674706 2.000000 -18.693806
v -10.590510 0.000000 -20.692034
v -10.590510 2.000000 -20.692034
v -8.676478 0.000000 -18.609610
v -8.676478 2.000000 -18.609610
v -8.592283 0.000000 -20.607838
v -8.592283 2.000000 -20.607838
vn -0.9991 0.0000 -0.0421
vn 0.0421 0.0000 -0.9991
vn 0.9991 0.0000 0.0421
vn -0.0421 0.0000 0.9991
vn 0.0000 -1.0000 0.0000
vn 0.0000 1.0000 0.0000
usemtl None
s off
f 138//103 139//103 137//103
f 140//104 143//104 139//104
f 144//105 141//105 143//105
f 142//106 137//106 141//106
f 143//107 137//107 139//107
f 140//108 142//108 144//108
f 138//103 140//103 139//103
f 140//104 144//104 143//104
f 144//105 142//105 141//105
f 142//106 138//106 137//106
f 143//107 141//107 137//107
f 140//108 138//108 142//108
o Cube.008_Cube.014
v -5.281652 0.000000 -18.615841
v -5.281652 2.000000 -18.615841
v -5.352880 0.000000 -20.614573
v -5.352880 2.000000 -20.614573
v -3.282921 0.000000 -18.687071
v -3.282921 2.000000 -18.687071
v -3.354149 0.000000 -20.685802
v -3.354149 2.000000 -20.685802
vn -0.9994 0.0000 0.0356
vn -0.0356 0.0000 -0.9994
vn 0.9994 0.0000 -0.0356
vn 0.0356 0.0000 0.9994
vn 0.0000 -1.0000 0.0000
vn 0.0000 1.0000 0.0000
usemtl None
s off
f 146//109 147//109 145//109
f 148//110 151//110 147//110
f 152//111 149//111 151//111
f 150//112 145//112 149//112
f 151//113 145//113 147//113
f 148//114 150//114 152//114
f 146//109 148//109 147//109
f 148//110 152//110 151//110
f 152//111 150//111 149//111
f 150//112 146//112 145//112
f 151//113 149//113 145//113
f 148//114 146//114 150//114
o Cube.007_Cube.013
v -3.021817 0.000000 -4.593355
v -3.021817 2.000000 -4.593355
v -1.299556 0.000000 -5.610124
v -1.299556 2.000000 -5.610124
v -2.005048 0.000000 -2.871095
v -2.005048 2.000000 -2.871095
v -0.282788 0.000000 -3.887863
v -0.282788 2.000000 -3.887863
vn -0.5084 0.0000 -0.8611
vn 0.8611 0.0000 -0.5084
vn 0.5084 0.0000 0.8611
vn -0.8611 0.0000 0.5084
vn 0.0000 -1.0000 0.0000
vn 0.0000 1.0000 0.0000
usemtl None
s off
f 154//115 155//115 153//115
f 156//116 159//116 155//116
f 160//117 157//117 159//117
f 158//118 153//118 157//118
f 159//119 153//119 155//119
f 156//120 158//120 160//120
f 154//115 156//115 155//115
f 156//116 160//116 159//116
f 160//117 158//117 157//117
f 158//118 154//118 153//118
f 159//119 157//119 153//119
f 156//120 154//120 158//120
o Cube.006_Cube.012
v -3.021352 4.000000 0.110739
v -3.021352 6.000000 0.110739
v -1.396993 4.000000 -1.056077
v -1.396993 6.000000 -1.056077
v -1.854536 4.000000 1.735098
v -1.854536 6.000000 1.735098
v -0.230178 4.000000 0.568282
v -0.230178 6.000000 0.568282
vn -0.5834 0.0000 -0.8122
vn 0.8122 0.0000 -0.5834
vn 0.5834 0.0000 0.8122
vn -0.8122 0.0000 0.5834
vn 0.0000 -1.0000 0.0000
vn 0.0000 1.0000 0.0000
usemtl None
s off
f 162//121 163//121 161//121
f 164//122 167//122 163//122
f 168//123 165//123 167//123
f 166//124 161//124 165//124
f 167//125 161//125 163//125
f 164//126 166//126 168//126
f 162//121 164//121 163//121
f 164//122 168//122 167//122
f 168//123 166//123 165//123
f 166//124 162//124 161//124
f 167//125 165//125 161//125
f 164//126 162//126 166//126
o Cube.005_Cube.011
v -2.291153 1.511328 5.916090
v -2.291153 2.821129 4.404660
v -2.270339 -0.000021 4.606359
v -2.270339 1.309781 3.094929
v -0.291262 1.527057 5.929721
v -0.291262 2.836859 4.418291
v -0.270447 0.015709 4.619991
v -0.270447 1.325510 3.108561
vn -0.9999 -0.0079 -0.0068
vn 0.0104 -0.7557 -0.6549
vn 0.9999 0.0079 0.0068
vn -0.0104 0.7557 0.6549
vn 0.0000 -0.6549 0.7557
vn 0.0000 0.6549 -0.7557
usemtl None
s off
f 170//127 171//127 169//127
f 172//128 175//128 171//128
f 176//129 173//129 175//129
f 174//130 169//130 173//130
f 175//131 169//131 171//131
f 172//132 174//132 176//132
f 170//127 172//127 171//127
f 172//128 176//128 175//128
f 176//129 174//129 173//129
f 174//130 170//130 169//130
f 175//131 173//131 169//131
f 172//132 170//132 174//132
o Cube.004_Cube.010
v -4.403619 0.000000 3.621828
v -4.403619 2.000000 3.621828
v -5.031740 0.000000 1.723022
v -5.031740 2.000000 1.723022
v -2.504813 0.000000 2.993707
v -2.504813 2.000000 2.993707
v -3.132934 0.000000 1.094901
v -3.132934 2.000000 1.094901
vn -0.9494 0.0000 0.3141
vn -0.3141 0.0000 -0.9494
vn 0.9494 0.0000 -0.3141
vn 0.3141 0.0000 0.9494
vn 0.0000 -1.0000 0.0000
vn 0.0000 1.0000 0.0000
usemtl None
s off
f 178//133 179//133 177//133
f 180//134 183//134 179//134
f 184//135 181//135 183//135
f 182//136 177//136 181//136
f 183//137 177//137 179//137
f 180//138 182//138 184//138
f 178//133 180//133 179//133
f 180//134 184//134 183//134
f 184//135 182//135 181//135
f 182//136 178//136 177//136
f 183//137 181//137 177//137
f 180//138 178//138 182//138
o Cube.003_Cube.009
v -2.679640 2.000000 1.243644
v -2.679640 4.000000 1.243644
v -1.940279 2.000000 -0.614675
v -1.940279 4.000000 -0.614675
v -0.821321 2.000000 1.983004
v -0.821321 4.000000 1.983004
v -0.081961 2.000000 0.124686
v -0.081961 4.000000 0.124686
vn -0.9292 0.0000 -0.3697
vn 0.3697 0.0000 -0.9292
vn 0.9292 0.0000 0.3697
vn -0.3697 0.0000 0.9292
vn 0.0000 -1.0000 0.0000
vn 0.0000 1.0000 0.0000
usemtl None
s off
f 186//139 187//139 185//139
f 188//140 191//140 187//140
f 192//141 189//141 191//141
f 190//142 185//142 189//142
f 191//143 185//143 187//143
f 188//144 190//144 192//144
f 186//139 188//139 187//139
f 188//140 192//140 191//140
f 192//141 190//141 189//141
f 190//142 186//142 185//142
f 191//143 189//143 185//143
f 188//144 186//144 190//144
o Cube.002_Cube.008
v -2.291153 0.000000 3.073703
v -2.291153 2.000000 3.073703
v -2.270339 0.000000 1.073812
v -2.270339 2.000000 1.073812
v -0.291262 0.000000 3.094518
v -0.291262 2.000000 3.094518
v -0.270447 0.000000 1.094626
v -0.270447 2.000000 1.094626
vn -0.9999 0.0000 -0.0104
vn 0.0104 0.0000 -0.9999
vn 0.9999 0.0000 0.0104
vn -0.0104 0.0000 0.9999
vn 0.0000 -1.0000 0.0000
vn 0.0000 1.0000 -0.0000
usemtl None
s off
f 194//145 195//145 193//145
f 196//146 199//146 195//146
f 200//147 197//147 199//147
f 198//148 193//148 197//148
f 199//149 193//149 195//149
f 196//150 198//150 200//150
f 194//145 196//145 195//145
f 196//146 200//146 199//146
f 200//147 198//147 197//147
f 198//148 194//148 193//148
f 199//149 197//149 193//149
f 196//150 194//150 198//150
o Cube.001_Cube.007
v -4.366108 0.000000 0.365716
v -4.366108 2.000000 0.365716
v -3.365716 0.000000 -1.366108
v -3.365716 2.000000 -1.366108
v -2.634284 0.000000 1.366108
v -2.634284 2.000000 1.366108
v -1.633892 0.000000 -0.365716
v -1.633892 2.000000 -0.365716
vn -0.8659 0.0000 -0.5002
vn 0.5002 0.0000 -0.8659
vn 0.8659 0.0000 0.5002
vn -0.5002 0.0000 0.8659
vn 0.0000 -1.0000 0.0000
vn 0.0000 1.0000 0.0000
usemtl None
s off
f 202//151 203//151 201//151
f 204//152 207//152 203//152
f 208//153 205//153 207//153
f 206//154 201//154 205//154
f 207//155 201//155 203//155
f 204//156 206//156 208//156
f 202//151 204//151 203//151
f 204//152 208//152 207//152
f 208//153 206//153 205//153
f 206//154 202//154 201//154
f 207//155 205//155 201//155
f 204//156 202//156 206//156
o Cube_Cube.006
v -1.101044 0.000000 0.887525
v -1.101044 2.000000 0.887525
v -0.887525 0.000000 -1.101044
v -0.887525 2.000000 -1.101044
v 0.887525 0.000000 1.101044
v 0.887525 2.000000 1.101044
v 1.101044 0.000000 -0.887525
v 1.101044 2.000000 -0.887525
vn -0.9943 0.0000 -0.1068
vn 0.1068 0.0000 -0.9943
vn 0.9943 0.0000 0.1068
vn -0.1068 0.0000 0.9943
vn 0.0000 -1.0000 0.0000
vn 0.0000 1.0000 -0.0000
usemtl None
s off
f 210//157 211//157 209//157
f 212//158 215//158 211//158
f 216//159 213//159 215//159
f 214//160 209//160 213//160
f 215//161 209//161 211//161
f 212//162 214//162 216//162
f 210//157 212//157 211//157
f 212//158 216//158 215//158
f 216//159 214//159 213//159
f 214//160 210//160 209//160
f 215//161 213//161 209//161
f 212//162 210//162 214//162
